##FastQC	0.11.9
>>Basic Statistics	pass
#Measure	Value
Filename	Iter1_read2_trimmed.fastq
File type	Conventional base calls
Encoding	Sanger / Illumina 1.9
Total Sequences	25000
Sequences flagged as poor quality	0
Sequence length	10-125
%GC	38
>>END_MODULE
>>Per base sequence quality	pass
#Base	Mean	Median	Lower Quartile	Upper Quartile	10th Percentile	90th Percentile
1	31.82368	33.0	32.0	34.0	28.0	34.0
2	32.11436	33.0	33.0	34.0	30.0	34.0
3	32.20376	33.0	33.0	34.0	31.0	34.0
4	32.15692	33.0	33.0	34.0	31.0	34.0
5	32.11804	33.0	33.0	34.0	31.0	34.0
6	35.8708	38.0	37.0	38.0	31.0	38.0
7	36.09016	38.0	37.0	38.0	33.0	38.0
8	36.1186	38.0	37.0	38.0	33.0	38.0
9	36.02488	38.0	37.0	38.0	31.0	38.0
10-11	36.17236342413697	38.0	37.0	38.0	33.0	38.0
12-13	35.98827953118125	38.0	37.0	38.0	32.0	38.0
14-15	36.09068362734509	38.0	37.0	38.0	32.0	38.0
16-17	36.116764670586825	38.0	37.0	38.0	33.0	38.0
18-19	36.144745789831596	38.0	37.5	38.0	33.0	38.0
20-21	36.10254410176407	38.0	37.0	38.0	33.0	38.0
22-23	36.09460378415137	38.0	37.5	38.0	33.0	38.0
24-25	36.08414336573463	38.0	37.0	38.0	33.0	38.0
26-27	36.00654026161047	38.0	37.0	38.0	31.0	38.0
28-29	36.01388315759657	38.0	37.0	38.0	31.0	38.0
30-31	36.03592197166558	38.0	37.0	38.0	32.0	38.0
32-33	36.06912529191966	38.0	37.0	38.0	33.0	38.0
34-35	36.107690560280346	38.0	37.0	38.0	33.0	38.0
36-37	36.17359279519752	38.0	37.0	38.0	33.0	38.0
38-39	36.089923986628484	38.0	37.0	38.0	32.5	38.0
40-41	36.08461691803082	38.0	37.0	38.0	32.5	38.0
42-43	36.108324928881	38.0	37.0	38.0	33.0	38.0
44-45	36.06685183174959	38.0	37.0	38.0	33.0	38.0
46-47	36.04252162402262	38.0	37.0	38.0	32.0	38.0
48-49	36.04400434318117	38.0	37.0	38.0	32.5	38.0
50-51	36.09700322530871	38.0	37.0	38.0	33.0	38.0
52-53	36.11183366311798	38.0	37.0	38.0	33.0	38.0
54-55	36.11695048939575	38.0	38.0	38.0	33.0	38.0
56-57	36.01744470934132	38.0	37.0	38.0	31.5	38.0
58-59	35.98329255032874	38.0	37.0	38.0	31.0	38.0
60-61	35.90205756294579	38.0	37.0	38.0	31.0	38.0
62-63	35.97255031431335	38.0	37.0	38.0	31.0	38.0
64-65	35.86715672859411	38.0	37.0	38.0	31.0	38.0
66-67	35.87964322952309	38.0	37.0	38.0	31.0	38.0
68-69	35.8682231458025	38.0	37.0	38.0	31.0	38.0
70-71	35.83446925329801	38.0	37.0	38.0	31.0	38.0
72-73	35.7607423271491	38.0	37.0	38.0	30.0	38.0
74-75	35.69970369268565	38.0	37.0	38.0	29.0	38.0
76-77	35.711846437097265	38.0	37.0	38.0	29.5	38.0
78-79	35.6901418072146	38.0	37.0	38.0	29.0	38.0
80-81	35.17839419159898	38.0	36.5	38.0	27.0	38.0
82-83	35.190524789043806	38.0	36.0	38.0	28.0	38.0
84-85	35.49678046933343	38.0	37.0	38.0	29.0	38.0
86-87	35.490868842567316	38.0	37.0	38.0	29.0	38.0
88-89	35.4312816086971	38.0	36.5	38.0	29.0	38.0
90-91	35.341601609152455	38.0	36.0	38.0	28.5	38.0
92-93	35.251063609163836	38.0	36.0	38.0	28.0	38.0
94-95	35.28257759958662	38.0	36.0	38.0	28.0	38.0
96-97	35.27334876736052	38.0	36.0	38.0	28.0	38.0
98-99	35.21028969366239	38.0	36.0	38.0	28.0	38.0
100-101	35.09443940461461	38.0	36.0	38.0	27.0	38.0
102-103	34.87369732083589	38.0	36.0	38.0	26.0	38.0
104-105	34.94236005335236	38.0	36.0	38.0	26.0	38.0
106-107	34.95056243123516	38.0	36.0	38.0	26.0	38.0
108-109	34.8036450294622	38.0	35.0	38.0	25.0	38.0
110-111	34.620458009174534	38.0	35.0	38.0	23.5	38.0
112-113	34.69488101285934	38.0	35.0	38.0	24.0	38.0
114-115	34.57678777929249	38.0	35.0	38.0	23.5	38.0
116-117	34.27788470302612	38.0	34.0	38.0	23.0	38.0
118-119	34.074057888257755	38.0	33.5	38.0	21.5	38.0
120-121	34.27863495131673	38.0	34.0	38.0	23.0	38.0
122-123	34.012425314879536	38.0	33.5	38.0	22.0	38.0
124-125	31.535898158995998	35.5	27.0	38.0	18.0	38.0
>>END_MODULE
>>Per tile sequence quality	pass
#Tile	Base	Mean
2210	1	0.0
2210	2	0.0
2210	3	0.0
2210	4	0.0
2210	5	0.0
2210	6	0.0
2210	7	0.0
2210	8	0.0
2210	9	0.0
2210	10-11	0.0
2210	12-13	0.0
2210	14-15	0.0
2210	16-17	0.0
2210	18-19	0.0
2210	20-21	0.0
2210	22-23	0.0
2210	24-25	0.0
2210	26-27	0.0
2210	28-29	0.0
2210	30-31	0.0
2210	32-33	0.0
2210	34-35	0.0
2210	36-37	0.0
2210	38-39	0.0
2210	40-41	0.0
2210	42-43	0.0
2210	44-45	0.0
2210	46-47	0.0
2210	48-49	0.0
2210	50-51	0.0
2210	52-53	0.0
2210	54-55	0.0
2210	56-57	0.0
2210	58-59	0.0
2210	60-61	0.0
2210	62-63	0.0
2210	64-65	0.0
2210	66-67	0.0
2210	68-69	0.0
2210	70-71	0.0
2210	72-73	0.0
2210	74-75	0.0
2210	76-77	0.0
2210	78-79	0.0
2210	80-81	0.0
2210	82-83	0.0
2210	84-85	0.0
2210	86-87	0.0
2210	88-89	0.0
2210	90-91	0.0
2210	92-93	0.0
2210	94-95	0.0
2210	96-97	0.0
2210	98-99	0.0
2210	100-101	0.0
2210	102-103	0.0
2210	104-105	0.0
2210	106-107	0.0
2210	108-109	0.0
2210	110-111	0.0
2210	112-113	0.0
2210	114-115	0.0
2210	116-117	0.0
2210	118-119	0.0
2210	120-121	0.0
2210	122-123	0.0
2210	124-125	0.0
>>END_MODULE
>>Per sequence quality scores	pass
#Quality	Count
0	3.0
1	4.0
2	3.0
3	4.0
4	4.0
5	1.0
6	3.0
7	1.0
8	2.0
9	2.0
10	1.0
11	0.0
12	2.0
13	3.0
14	2.0
15	2.0
16	3.0
17	5.0
18	16.0
19	25.0
20	62.0
21	77.0
22	119.0
23	131.0
24	171.0
25	221.0
26	263.0
27	322.0
28	340.0
29	407.0
30	502.0
31	558.0
32	747.0
33	881.0
34	1212.0
35	1773.0
36	3725.0
37	13403.0
>>END_MODULE
>>Per base sequence content	fail
#Base	G	A	T	C
1	38.7396777038403	25.6113204521767	13.008097490579651	22.64090435340335
2	13.769742644111279	21.931371763008098	45.4822416419466	18.81664395093402
3	14.557114228456914	31.903807615230463	34.124248496993985	19.414829659318634
4	10.38560205226872	18.602693602693606	46.39249639249639	24.619207952541284
5	9.330661322645291	40.16432865731463	40.82164328657314	9.683366733466933
6	24.419676863248206	45.29928236378944	19.81718317764503	10.463857595317323
7	20.50140393100682	34.71720818291215	30.176494183714404	14.604893702366626
8	19.116527037319116	40.28139656070871	24.155209043171524	16.446867358800656
9	23.058417866164145	16.005773625756785	25.279659997594322	35.65614851048474
10-11	20.611758102988635	27.52109683497364	34.322195273507184	17.544949788530538
12-13	20.490209832254443	26.09575725995551	33.95795338397098	19.456079523819067
14-15	19.614012585674775	28.355845925688406	28.367870455729687	23.66227103290713
16-17	18.80646647569062	32.54872894088423	30.06270157655402	18.58210300687113
18-19	18.856169871794872	31.600560897435898	31.179887820512818	18.36338141025641
20-21	19.143607109223154	30.72514877672471	31.129901617007633	19.0013424970445
22-23	19.209503585880842	30.471974037421372	31.06494651228014	19.253575864417645
24-25	19.502324090399103	30.385478442058023	30.59384516749479	19.518352300048083
26-27	19.387959330718115	30.8041790088864	30.511968617404534	19.295893042990954
28-29	19.570873864136747	30.78539690164525	30.469156558984828	19.17457267523318
30-31	19.523866730738426	30.754444978375783	30.464119814191893	19.257568476693898
32-33	18.90000601527881	30.4353056764181	31.34561786938825	19.319070438914842
34-35	19.299021282582046	30.671838260415203	30.569344239233104	19.45979621776965
36-37	19.641957139689133	30.443723161905528	30.607019736709475	19.307299961695865
38-39	19.599700180296985	30.362822356825962	30.557300002025812	19.480177460851245
40-41	19.477449202111398	30.468543012615402	30.517455723806226	19.536552061466974
42-43	19.586614173228348	30.515912073490814	30.55897309711286	19.33850065616798
44-45	19.099616067373983	30.543285307352512	30.803368699170207	19.55372992610329
46-47	19.37375249500998	30.49318030605456	30.65535595475715	19.477711244178312
48-49	19.616673648931712	30.488060326770004	30.423125261834937	19.472140762463344
50-51	19.23498881809359	30.566690577661504	30.80298746782565	19.395333136419257
52-53	19.563001656261942	30.22890389433898	30.621735252898457	19.586359196500617
54-55	19.402761745970672	30.58013765978368	30.597238254029328	19.419862340216323
56-57	19.372336303758235	30.502819751173107	30.877351586379092	19.24749235868957
58-59	19.426972628291328	30.24335227519195	30.421203314102286	19.908471782414434
60-61	19.321633848372926	30.467469458224972	30.830255480035838	19.38064121336626
62-63	19.27846177565359	30.475959738343285	30.85478933110147	19.390789154901658
64-65	19.56126341939491	30.582911897790794	30.088279655753702	19.7675450270606
66-67	19.409490176795334	30.712322031246508	30.524574774815044	19.35361301714311
68-69	19.368923298523587	30.979924378826073	30.297983435361903	19.35316888728844
70-71	19.346271705822268	30.648053569401885	30.543638633526278	19.462036091249573
72-73	19.450931904565646	30.620048541466318	30.457480423135046	19.47153913083299
74-75	19.113336871985414	31.06321109598209	30.47010223627426	19.35334979575823
76-77	19.32909949519622	31.204782841324118	30.444087747458532	19.022029916021122
78-79	19.25368233417769	31.231822872689747	30.572755417956653	18.94173937517591
80-81	19.73429152285944	30.239704978488014	30.13805493830079	19.887948560351756
82-83	19.258464473056748	30.70815450643777	30.491177873152118	19.542203147353362
84-85	19.390674970543678	30.69468824392238	30.168081371582467	19.746555413951477
86-87	19.245118465041912	30.287320122098937	30.5780318813896	19.88952953146955
88-89	19.12353515625	30.539550781250004	30.703124999999996	19.6337890625
90-91	19.086901918293975	30.65822847152109	30.74195375409392	19.512915856091016
92-93	19.347464155256816	30.56183684118977	30.432621822428747	19.658077181124668
94-95	19.31632934567251	30.158252451533617	30.64730519399092	19.87811300880295
96-97	19.64493450002529	30.428405239997975	30.648424460067776	19.27823579990896
98-99	19.904669657422513	30.798837683523654	30.207483686786297	19.08900897226754
100-101	19.69837110117671	30.21427470325266	30.740969117722628	19.346385077848
102-103	19.487724574184014	30.435797060119775	30.49023928654758	19.586239079148626
104-105	19.523598088123904	30.161673675137774	30.76239977015697	19.552328466581343
106-107	19.37233426359855	30.564477910589225	30.243273129377073	19.819914696435152
108-109	19.735060659959117	30.69101914040723	30.43882237383525	19.135097825798404
110-111	19.277237536499772	30.563368962468857	30.69999196335289	19.45940153767848
112-113	19.209864525026365	30.45347610935345	30.469700657094183	19.866958708526
114-115	19.30993066550199	30.518097941802697	30.651853469454604	19.520117923240704
116-117	19.131225710426943	30.666188914307764	30.539400788291392	19.663184586973898
118-119	19.5126027015736	30.786798496031192	30.41080629438797	19.289792508007242
120-121	19.045209176788124	30.533063427800272	30.465587044534416	19.956140350877195
122-123	19.303420500311987	29.92795961200295	30.756140450394238	20.01247943729083
124-125	18.811342890663006	30.354536870117606	30.835264829599108	19.99885540962028
>>END_MODULE
>>Per sequence GC content	pass
#GC Content	Count
0	5.0
1	6.0
2	7.0
3	6.5
4	5.5
5	6.0
6	8.0
7	8.5
8	9.5
9	11.0
10	10.0
11	11.0
12	14.5
13	14.0
14	12.0
15	15.0
16	21.0
17	25.5
18	30.5
19	40.0
20	51.0
21	58.0
22	65.0
23	84.0
24	128.0
25	171.0
26	220.5
27	322.5
28	425.0
29	507.0
30	629.0
31	794.0
32	978.5
33	1150.0
34	1344.0
35	1490.0
36	1543.0
37	1581.0
38	1659.0
39	1711.5
40	1668.0
41	1574.0
42	1474.0
43	1364.5
44	1217.0
45	1085.5
46	938.5
47	782.5
48	664.0
49	548.5
50	417.5
51	323.5
52	266.0
53	203.0
54	149.5
55	119.0
56	96.0
57	71.0
58	58.5
59	51.0
60	39.0
61	28.0
62	22.5
63	24.5
64	21.0
65	12.5
66	11.5
67	8.5
68	5.0
69	4.5
70	3.5
71	4.5
72	3.5
73	1.5
74	0.5
75	2.0
76	3.5
77	2.5
78	1.5
79	1.0
80	1.0
81	1.0
82	1.0
83	1.5
84	2.0
85	1.0
86	0.0
87	0.0
88	0.0
89	0.0
90	0.0
91	0.0
92	0.0
93	0.0
94	0.0
95	0.0
96	0.0
97	0.0
98	0.0
99	0.0
100	0.0
>>END_MODULE
>>Per base N content	pass
#Base	N-Count
1	0.216
2	0.216
3	0.2
4	0.208
5	0.2
6	0.22799999999999998
7	0.27999999999999997
8	0.212
9	0.23600000000000002
10-11	0.2200044000880018
12-13	0.20200808032321294
14-15	0.2000080003200128
16-17	0.1580063202528101
18-19	0.15600624024961
20-21	0.18200728029121163
22-23	0.16000640025601023
24-25	0.17200688027521102
26-27	0.06800272010880434
28-29	0.056011202240448095
30-31	0.04803073967339097
32-33	0.04208922916583156
34-35	0.07430315688007068
36-37	0.08460066471950851
38-39	0.04049976712633902
40-41	0.0651744434713538
42-43	0.09423526037612161
44-45	0.06807071102951794
46-47	0.06648936170212766
48-49	0.10462439840970915
50-51	0.1095890410958904
52-53	0.1124143635862303
54-55	0.11956104018104959
56-57	0.13756932204118483
58-59	0.17537402299348304
60-61	0.14403247277568035
62-63	0.14076143136780522
64-65	0.1572361864688296
66-67	0.18739542665923034
68-69	0.12138650361911614
70-71	0.14506221809197853
72-73	0.19652650822669107
74-75	0.15208424545475493
76-77	0.16953088713423128
78-79	0.1849467400210699
80-81	0.17227138643067846
82-83	0.15236644129130558
84-85	0.17283180105139345
86-87	0.17412333736396612
88-89	0.15843997562461914
90-91	0.15489771833202204
92-93	0.15382706860191045
94-95	0.17275048820790145
96-97	0.15907082439085973
98-99	0.13745354579239424
100-101	0.10266413428468765
102-103	0.11393945671595411
104-105	0.03133241076790517
106-107	0.0
108-109	0.0
110-111	0.0
112-113	0.0
114-115	0.03274572941112263
116-117	0.06610659688748106
118-119	0.100164157925489
120-121	0.09269402544872335
122-123	0.09633911368015415
124-125	0.1428693888047547
>>END_MODULE
>>Sequence Length Distribution	warn
#Length	Count
10-14	1.0
15-19	0.0
20-24	0.0
25-29	6.0
30-34	110.0
35-39	299.0
40-44	389.0
45-49	432.0
50-54	380.0
55-59	431.0
60-64	417.0
65-69	429.0
70-74	447.0
75-79	433.0
80-84	432.0
85-89	413.0
90-94	452.0
95-99	398.0
100-104	422.0
105-109	401.0
110-114	428.0
115-119	436.0
120-124	377.0
125-126	17467.0
>>END_MODULE
>>Sequence Duplication Levels	pass
#Total Deduplicated Percentage	99.09599999999999
#Duplication Level	Percentage of deduplicated	Percentage of total
1	99.16848308710745	98.272
2	0.7709695648663922	1.528
3	0.040364898684104304	0.12
4	0.020182449342052152	0.08
5	0.0	0.0
6	0.0	0.0
7	0.0	0.0
8	0.0	0.0
9	0.0	0.0
>10	0.0	0.0
>50	0.0	0.0
>100	0.0	0.0
>500	0.0	0.0
>1k	0.0	0.0
>5k	0.0	0.0
>10k+	0.0	0.0
>>END_MODULE
>>Overrepresented sequences	pass
>>END_MODULE
>>Adapter Content	pass
#Position	Illumina Universal Adapter	Illumina Small RNA 3' Adapter	Illumina Small RNA 5' Adapter	Nextera Transposase Sequence	SOLID Small RNA Adapter
1	0.0	0.0	0.0	0.0	0.0
2	0.0	0.0	0.0	0.0	0.0
3	0.0	0.0	0.0	0.0	0.0
4	0.0	0.0	0.0	0.0	0.0
5	0.0	0.0	0.0	0.0	0.0
6	0.0	0.0	0.0	0.0	0.0
7	0.0	0.0	0.0	0.0	0.0
8	0.0	0.0	0.0	0.0	0.0
9	0.0	0.0	0.0	0.0	0.0
10-11	0.0	0.0	0.0	0.0	0.0
12-13	0.0	0.0	0.0	0.0	0.0
14-15	0.0	0.0	0.0	0.0	0.0
16-17	0.0	0.0	0.0	0.0	0.0
18-19	0.0	0.0	0.0	0.0	0.0
20-21	0.0	0.0	0.0	0.0	0.0
22-23	0.0	0.0	0.0	0.0	0.0
24-25	0.0	0.0	0.0	0.0	0.0
26-27	0.0	0.0	0.0	0.0	0.0
28-29	0.0	0.0	0.0	0.0	0.0
30-31	0.0	0.0	0.0	0.0	0.0
32-33	0.0	0.0	0.0	0.0	0.0
34-35	0.0	0.0	0.0	0.0	0.0
36-37	0.0	0.0	0.0	0.0	0.0
38-39	0.0	0.0	0.0	0.0	0.0
40-41	0.0	0.0	0.0	0.0	0.0
42-43	0.0	0.0	0.0	0.0	0.0
44-45	0.0	0.0	0.0	0.0	0.0
46-47	0.0	0.0	0.0	0.0	0.0
48-49	0.0	0.0	0.0	0.0	0.0
50-51	0.0	0.0	0.0	0.0	0.0
52-53	0.0	0.0	0.0	0.0	0.0
54-55	0.0	0.0	0.0	0.0	0.0
56-57	0.0	0.0	0.0	0.0	0.0
58-59	0.0	0.0	0.0	0.0	0.0
60-61	0.0	0.0	0.0	0.0	0.0
62-63	0.0	0.0	0.0	0.0	0.0
64-65	0.0	0.0	0.0	0.0	0.0
66-67	0.0	0.0	0.0	0.0	0.0
68-69	0.0	0.0	0.0	0.0	0.0
70-71	0.0	0.0	0.0	0.0	0.0
72-73	0.0	0.0	0.0	0.0	0.0
74-75	0.0	0.0	0.0	0.0	0.0
76-77	0.0	0.0	0.0	0.0	0.0
78-79	0.0	0.0	0.0	0.0	0.0
80-81	0.0	0.0	0.0	0.0	0.0
82-83	0.0	0.0	0.0	0.0	0.0
84-85	0.0	0.0	0.0	0.0	0.0
86-87	0.0	0.0	0.0	0.0	0.0
88-89	0.0	0.0	0.0	0.0	0.0
90-91	0.0	0.0	0.0	0.0	0.0
92-93	0.0	0.0	0.0	0.0	0.0
94-95	0.0	0.0	0.0	0.0	0.0
96-97	0.0	0.0	0.0	0.0	0.0
98-99	0.0	0.0	0.0	0.0	0.0
100-101	0.0	0.0	0.0	0.0	0.0
102-103	0.0	0.0	0.0	0.0	0.0
104-105	0.0	0.0	0.0	0.0	0.0
106-107	0.0	0.0	0.0	0.0	0.0
108-109	0.0	0.0	0.0	0.002	0.0
110-111	0.0	0.0	0.0	0.004	0.0
112-113	0.0	0.0	0.0	0.004	0.0
114	0.0	0.0	0.0	0.004	0.0
>>END_MODULE
