##FastQC	0.11.9
>>Basic Statistics	pass
#Measure	Value
Filename	Iter1_read1_trimmed.fastq
File type	Conventional base calls
Encoding	Sanger / Illumina 1.9
Total Sequences	25000
Sequences flagged as poor quality	0
Sequence length	10-125
%GC	38
>>END_MODULE
>>Per base sequence quality	pass
#Base	Mean	Median	Lower Quartile	Upper Quartile	10th Percentile	90th Percentile
1	25.80084	27.0	18.0	32.0	18.0	33.0
2	28.65272	32.0	27.0	32.0	18.0	33.0
3	26.19132	27.0	18.0	32.0	18.0	33.0
4	30.7156	32.0	32.0	33.0	27.0	33.0
5	31.7098	33.0	32.0	33.0	30.0	33.0
6	35.51468	37.0	35.0	38.0	29.0	38.0
7	35.22936	37.0	35.0	38.0	29.0	38.0
8	36.20568	38.0	36.0	38.0	33.0	38.0
9	36.60768	38.0	37.0	38.0	34.0	38.0
10-11	36.476106990679625	38.0	37.0	38.0	34.0	38.0
12-13	36.73184927397096	38.0	37.0	38.0	34.0	38.0
14-15	36.58996359854394	38.0	37.0	38.0	34.0	38.0
16-17	36.785411416456654	38.0	37.5	38.0	34.5	38.0
18-19	36.754130165206604	38.0	37.5	38.0	34.5	38.0
20-21	36.86561462458498	38.0	38.0	38.0	34.5	38.0
22-23	36.94285771430857	38.0	38.0	38.0	35.0	38.0
24-25	37.01098043921757	38.0	38.0	38.0	35.5	38.0
26-27	36.92795711828473	38.0	38.0	38.0	35.5	38.0
28-29	36.87137596110621	38.0	38.0	38.0	35.0	38.0
30-31	36.85833131655242	38.0	38.0	38.0	35.0	38.0
32-33	36.92120221733808	38.0	38.0	38.0	35.0	38.0
34-35	36.87363456488751	38.0	38.0	38.0	35.0	38.0
36-37	36.81491219529104	38.0	38.0	38.0	35.0	38.0
38-39	36.62431691505416	38.0	38.0	38.0	34.0	38.0
40-41	36.8175030284891	38.0	38.0	38.0	35.0	38.0
42-43	36.8638954531163	38.0	38.0	38.0	35.0	38.0
44-45	36.89075599992634	38.0	38.0	38.0	35.0	38.0
46-47	36.87170954253181	38.0	38.0	38.0	35.0	38.0
48-49	36.83080891654767	38.0	38.0	38.0	35.0	38.0
50-51	36.86877499005413	38.0	38.0	38.0	35.0	38.0
52-53	36.81166980424917	38.0	38.0	38.0	35.0	38.0
54-55	36.77625787639241	38.0	38.0	38.0	35.0	38.0
56-57	36.76734975666879	38.0	38.0	38.0	35.0	38.0
58-59	36.760957299911624	38.0	38.0	38.0	35.0	38.0
60-61	36.685159819690654	38.0	38.0	38.0	34.0	38.0
62-63	36.62210033619854	38.0	38.0	38.0	34.0	38.0
64-65	36.615952608939	38.0	38.0	38.0	34.0	38.0
66-67	36.58299423921564	38.0	38.0	38.0	34.0	38.0
68-69	36.513666217965095	38.0	38.0	38.0	34.0	38.0
70-71	36.45258742655332	38.0	38.0	38.0	34.0	38.0
72-73	36.49172845765842	38.0	38.0	38.0	34.0	38.0
74-75	36.435027304784725	38.0	38.0	38.0	34.0	38.0
76-77	36.35727572816228	38.0	38.0	38.0	34.0	38.0
78-79	36.36743690313746	38.0	37.5	38.0	33.5	38.0
80-81	36.28738712119427	38.0	37.0	38.0	33.0	38.0
82-83	36.21446763754545	38.0	37.0	38.0	33.0	38.0
84-85	36.20313109914999	38.0	37.0	38.0	33.0	38.0
86-87	36.19055452747449	38.0	37.0	38.0	33.0	38.0
88-89	36.162304200624746	38.0	37.0	38.0	33.0	38.0
90-91	36.212714945533264	38.0	37.0	38.0	33.0	38.0
92-93	36.17444580632883	38.0	37.0	38.0	33.0	38.0
94-95	36.038043791030034	38.0	37.0	38.0	33.0	38.0
96-97	36.026681067076666	38.0	37.0	38.0	32.5	38.0
98-99	36.02104677906566	38.0	37.0	38.0	32.5	38.0
100-101	35.84375833721752	38.0	37.0	38.0	31.0	38.0
102-103	35.87161369535687	38.0	37.0	38.0	31.0	38.0
104-105	35.77940000879734	38.0	37.0	38.0	31.0	38.0
106-107	35.828324861454405	38.0	37.0	38.0	31.0	38.0
108-109	35.61150217311671	38.0	36.5	38.0	30.0	38.0
110-111	35.537019393017715	38.0	36.0	38.0	29.0	38.0
112-113	35.36379392795544	38.0	36.0	38.0	28.0	38.0
114-115	35.37551914857418	38.0	36.0	38.0	28.5	38.0
116-117	35.30914824221366	38.0	36.0	38.0	28.5	38.0
118-119	35.31426446764252	38.0	36.0	38.0	28.0	38.0
120-121	35.12940174213195	38.0	35.5	38.0	28.0	38.0
122-123	34.96435632408326	38.0	35.0	38.0	27.0	38.0
124-125	33.06890060895861	36.5	31.0	38.0	21.0	38.0
>>END_MODULE
>>Per tile sequence quality	pass
#Tile	Base	Mean
2210	1	0.0
2210	2	0.0
2210	3	0.0
2210	4	0.0
2210	5	0.0
2210	6	0.0
2210	7	0.0
2210	8	0.0
2210	9	0.0
2210	10-11	0.0
2210	12-13	0.0
2210	14-15	0.0
2210	16-17	0.0
2210	18-19	0.0
2210	20-21	0.0
2210	22-23	0.0
2210	24-25	0.0
2210	26-27	0.0
2210	28-29	0.0
2210	30-31	0.0
2210	32-33	0.0
2210	34-35	0.0
2210	36-37	0.0
2210	38-39	0.0
2210	40-41	0.0
2210	42-43	0.0
2210	44-45	0.0
2210	46-47	0.0
2210	48-49	0.0
2210	50-51	0.0
2210	52-53	0.0
2210	54-55	0.0
2210	56-57	0.0
2210	58-59	0.0
2210	60-61	0.0
2210	62-63	0.0
2210	64-65	0.0
2210	66-67	0.0
2210	68-69	0.0
2210	70-71	0.0
2210	72-73	0.0
2210	74-75	0.0
2210	76-77	0.0
2210	78-79	0.0
2210	80-81	0.0
2210	82-83	0.0
2210	84-85	0.0
2210	86-87	0.0
2210	88-89	0.0
2210	90-91	0.0
2210	92-93	0.0
2210	94-95	0.0
2210	96-97	0.0
2210	98-99	0.0
2210	100-101	0.0
2210	102-103	0.0
2210	104-105	0.0
2210	106-107	0.0
2210	108-109	0.0
2210	110-111	0.0
2210	112-113	0.0
2210	114-115	0.0
2210	116-117	0.0
2210	118-119	0.0
2210	120-121	0.0
2210	122-123	0.0
2210	124-125	0.0
>>END_MODULE
>>Per sequence quality scores	pass
#Quality	Count
19	1.0
20	1.0
21	6.0
22	16.0
23	43.0
24	61.0
25	67.0
26	140.0
27	174.0
28	203.0
29	269.0
30	349.0
31	470.0
32	630.0
33	870.0
34	1366.0
35	2372.0
36	6361.0
37	11601.0
>>END_MODULE
>>Per base sequence content	fail
#Base	G	A	T	C
1	42.4452364743102	24.984982579792558	10.964719074125986	21.605061871771255
2	13.68	22.676	44.228	19.416
3	15.308	32.872	31.747999999999998	20.072000000000003
4	10.280000000000001	18.672	46.536	24.512
5	9.644	41.392	39.876	9.088000000000001
6	24.096	45.748	19.503999999999998	10.652000000000001
7	20.704	35.116	29.34	14.84
8	19.156000000000002	41.199999999999996	23.684	15.959999999999999
9	22.6	16.024	25.131999999999998	36.244
10-11	20.328406568131363	27.68455369107382	34.118682373647474	17.868357367147343
12-13	20.358814352574104	26.129045161806474	33.90535621424857	19.606784271370856
14-15	19.538781551262048	28.34713388535541	28.479139165566625	23.634945397815912
16-17	18.86275451018041	33.14132565302612	29.551182047281895	18.44473778951158
18-19	18.832753310132404	32.03328133125325	30.819232769310773	18.314732589303574
20-21	19.286771470858834	30.327213088523543	31.263250530021203	19.122764910596423
22-23	19.79679187167487	30.267210688427536	30.509220368814756	19.426777071082842
24-25	19.08276331053242	31.195247809912395	30.59322372894916	19.128765150606025
26-27	19.086763470538823	30.61722468898756	31.133245329813192	19.162766510660425
28-29	19.53990798159632	30.97019403880776	30.180036007201437	19.30986197239448
30-31	19.554514889529298	30.717659301953248	30.32740954210695	19.400416266410502
32-33	18.938148875616307	31.115965847596904	30.526716639275264	19.419168637511525
34-35	19.535705679171016	30.428146839103544	30.73339224034059	19.30275524138485
36-37	19.56491086715681	30.62946923154396	30.440124886695543	19.365495014603688
38-39	19.1017151651378	30.891197375615093	30.53479942490331	19.4722880343438
40-41	19.51770911831198	30.678832562781324	30.304079512821037	19.499378806085662
42-43	19.55996230589585	30.73708362355062	30.419551767935427	19.283402302618104
44-45	19.59198828358671	30.745271148332264	30.4379215742899	19.224818993791125
46-47	19.56033909574468	30.8843085106383	30.323304521276594	19.232047872340424
48-49	19.437120736555766	30.94161958568738	30.401757689893284	19.21950198786357
50-51	19.681770284510012	30.41938883034773	30.89146469968388	19.007376185458376
52-53	19.06802129509831	30.62761151292765	30.907586909029206	19.39678028294483
54-55	19.44574917801785	30.97911951833981	30.088816772705922	19.48631453093642
56-57	19.167275697519454	30.869266153647736	30.44796010489661	19.5154980439362
58-59	19.399398099032194	30.709940026414355	30.58869378829541	19.301968086258036
60-61	19.67134408484822	30.443227200314254	30.615629705606356	19.26979900923117
62-63	19.218334176435654	30.215321002045442	30.993907669298615	19.572437152220292
64-65	19.565939541579006	30.145055918502933	30.787288229431958	19.501716310486103
66-67	19.39765755716676	30.623535973229227	30.737311767986615	19.241494701617402
68-69	19.04194578069505	30.683810637054354	30.773726565661107	19.500517016589487
70-71	19.279675423287017	30.46759899363086	30.59226183730366	19.66046374577846
72-73	19.1636197440585	30.884369287020107	30.434186471663622	19.51782449725777
74-75	19.148789086803237	30.522847201419452	30.58736779040026	19.740995921377053
76-77	19.23362749651649	30.58755225267069	30.694379934974453	19.484440315838363
78-79	19.44984197588669	30.1931405829334	30.86737679971907	19.489640641460845
80-81	19.492625368731563	30.336283185840706	30.65014749262537	19.520943952802362
82-83	19.793353013998665	30.270926578421104	30.349490524711932	19.5862298828683
84-85	19.309152884130683	30.843275162629922	30.34158285124463	19.505989101994768
86-87	19.569528415961308	30.53446191051995	30.360338573155985	19.535671100362755
88-89	18.937233394271786	30.642291285801342	30.881170018281534	19.53930530164534
90-91	19.713808025177027	30.84185680566483	30.15096380802518	19.293371361132966
92-93	19.64520530951495	30.46768391018484	30.34114874085101	19.5459620394492
94-95	19.36558009113214	30.308947974563118	30.994942666866958	19.330529267437786
96-97	19.318267895467745	30.953162479484913	30.160333291251106	19.56823633379624
98-99	19.60749376368172	30.443414956982128	30.766685333197575	19.182405946138573
100-101	19.092962373594784	30.478414865766645	30.532313536266102	19.896309224372466
102-103	19.597586555144108	30.310485019550974	30.62899759173421	19.462930833570706
104-105	19.16499125303533	30.361106034100104	30.596099114859392	19.87780359800517
106-107	19.41438238934092	30.581667851594386	30.502672670300445	19.50127708876425
108-109	19.7456794711832	30.62199686745069	30.242374366189708	19.389949295176407
110-111	19.577272361970586	30.825899434755822	30.324948431514372	19.271879771759224
112-113	19.442416375976855	30.42102701387199	30.507557935155894	19.62899867499527
114-115	19.426403973148503	31.0811548327239	30.431697866069968	19.060743328057633
116-117	19.03319102052059	30.659688748106323	30.571546618923012	19.735573612450075
118-119	19.351158843660443	30.59180323307643	30.483292061990486	19.57374586127264
120-121	19.457318614645654	30.485098733181655	30.55251256987163	19.50507008230106
122-123	18.958970871585628	31.052363141788508	30.519664513204127	19.469001473421738
124-125	19.6851068693565	30.25488627271688	30.474911418447824	19.5850954394788
>>END_MODULE
>>Per sequence GC content	pass
#GC Content	Count
0	1.0
1	1.5
2	2.5
3	2.5
4	3.0
5	5.0
6	6.5
7	6.0
8	4.5
9	8.5
10	11.5
11	10.0
12	12.0
13	12.0
14	10.0
15	15.0
16	18.0
17	20.0
18	31.0
19	41.5
20	50.0
21	51.5
22	48.5
23	73.5
24	129.0
25	182.0
26	234.0
27	303.5
28	409.0
29	531.0
30	667.0
31	822.5
32	992.0
33	1146.5
34	1273.0
35	1428.5
36	1537.5
37	1605.0
38	1684.5
39	1699.5
40	1649.5
41	1574.5
42	1493.5
43	1384.5
44	1228.0
45	1072.0
46	944.0
47	790.5
48	634.5
49	544.0
50	455.0
51	345.0
52	280.0
53	220.0
54	148.5
55	113.5
56	91.0
57	73.0
58	53.5
59	40.5
60	40.0
61	30.5
62	25.5
63	25.0
64	19.0
65	12.0
66	8.0
67	6.5
68	6.5
69	5.0
70	3.0
71	3.5
72	3.0
73	2.5
74	2.0
75	1.5
76	2.0
77	2.0
78	1.5
79	2.0
80	2.0
81	1.0
82	1.0
83	1.0
84	1.0
85	0.5
86	0.0
87	0.0
88	0.0
89	0.0
90	0.0
91	0.0
92	0.0
93	0.0
94	0.0
95	0.0
96	0.0
97	0.0
98	0.0
99	0.0
100	0.0
>>END_MODULE
>>Per base N content	pass
#Base	N-Count
1	0.116
2	0.0
3	0.0
4	0.0
5	0.0
6	0.0
7	0.0
8	0.0
9	0.0
10-11	0.0
12-13	0.0
14-15	0.0
16-17	0.0
18-19	0.0
20-21	0.0
22-23	0.0
24-25	0.0
26-27	0.0
28-29	0.0
30-31	0.0
32-33	0.0
34-35	0.0
36-37	0.0
38-39	0.0
40-41	0.0
42-43	0.0
44-45	0.0
46-47	0.0
48-49	0.0
50-51	0.0
52-53	0.0
54-55	0.0
56-57	0.0
58-59	0.0
60-61	0.0
62-63	0.0
64-65	0.0
66-67	0.0
68-69	0.0
70-71	0.0
72-73	0.0
74-75	0.0
76-77	0.0
78-79	0.0
80-81	0.0
82-83	0.0
84-85	0.0
86-87	0.0
88-89	0.0
90-91	0.0
92-93	0.0
94-95	0.0
96-97	0.0
98-99	0.0
100-101	0.0
102-103	0.0
104-105	0.0
106-107	0.01316413037754726
108-109	0.0
110-111	0.0
112-113	0.0
114-115	0.0
116-117	0.0
118-119	0.0
120-121	0.0
122-123	0.0
124-125	0.002857387776095094
>>END_MODULE
>>Sequence Length Distribution	warn
#Length	Count
10-14	1.0
15-19	0.0
20-24	0.0
25-29	6.0
30-34	110.0
35-39	299.0
40-44	389.0
45-49	432.0
50-54	380.0
55-59	431.0
60-64	417.0
65-69	429.0
70-74	447.0
75-79	433.0
80-84	432.0
85-89	413.0
90-94	452.0
95-99	398.0
100-104	422.0
105-109	401.0
110-114	428.0
115-119	436.0
120-124	377.0
125-126	17467.0
>>END_MODULE
>>Sequence Duplication Levels	pass
#Total Deduplicated Percentage	98.964
#Duplication Level	Percentage of deduplicated	Percentage of total
1	99.0824946445172	98.056
2	0.8164585101653127	1.616
3	0.08083747625399135	0.24
4	0.016167495250798268	0.064
5	0.0	0.0
6	0.004041873812699567	0.024
7	0.0	0.0
8	0.0	0.0
9	0.0	0.0
>10	0.0	0.0
>50	0.0	0.0
>100	0.0	0.0
>500	0.0	0.0
>1k	0.0	0.0
>5k	0.0	0.0
>10k+	0.0	0.0
>>END_MODULE
>>Overrepresented sequences	pass
>>END_MODULE
>>Adapter Content	pass
#Position	Illumina Universal Adapter	Illumina Small RNA 3' Adapter	Illumina Small RNA 5' Adapter	Nextera Transposase Sequence	SOLID Small RNA Adapter
1	0.0	0.0	0.0	0.0	0.0
2	0.0	0.0	0.0	0.0	0.0
3	0.0	0.0	0.0	0.0	0.0
4	0.0	0.0	0.0	0.0	0.0
5	0.0	0.0	0.0	0.0	0.0
6	0.0	0.0	0.0	0.0	0.0
7	0.0	0.0	0.0	0.0	0.0
8	0.0	0.0	0.0	0.0	0.0
9	0.0	0.0	0.0	0.0	0.0
10-11	0.0	0.0	0.0	0.0	0.0
12-13	0.0	0.0	0.0	0.0	0.0
14-15	0.0	0.0	0.0	0.0	0.0
16-17	0.0	0.0	0.0	0.0	0.0
18-19	0.0	0.0	0.0	0.0	0.0
20-21	0.0	0.0	0.0	0.0	0.0
22-23	0.0	0.0	0.0	0.0	0.0
24-25	0.0	0.0	0.0	0.0	0.0
26-27	0.0	0.0	0.0	0.0	0.0
28-29	0.0	0.0	0.0	0.0	0.0
30-31	0.0	0.0	0.0	0.0	0.0
32-33	0.0	0.0	0.0	0.0	0.0
34-35	0.0	0.0	0.0	0.0	0.0
36-37	0.0	0.0	0.0	0.0	0.0
38-39	0.0	0.0	0.0	0.0	0.0
40-41	0.0	0.0	0.0	0.0	0.0
42-43	0.0	0.0	0.0	0.0	0.0
44-45	0.0	0.0	0.0	0.0	0.0
46-47	0.0	0.0	0.0	0.0	0.0
48-49	0.0	0.0	0.0	0.0	0.0
50-51	0.0	0.0	0.0	0.0	0.0
52-53	0.0	0.0	0.0	0.0	0.0
54-55	0.0	0.0	0.0	0.0	0.0
56-57	0.0	0.0	0.0	0.0	0.0
58-59	0.0	0.0	0.0	0.0	0.0
60-61	0.0	0.0	0.0	0.0	0.0
62-63	0.0	0.0	0.0	0.0	0.0
64-65	0.0	0.0	0.0	0.002	0.0
66-67	0.0	0.0	0.0	0.004	0.0
68-69	0.0	0.0	0.0	0.004	0.0
70-71	0.0	0.0	0.0	0.004	0.0
72-73	0.0	0.0	0.0	0.004	0.0
74-75	0.0	0.0	0.0	0.004	0.0
76-77	0.0	0.0	0.0	0.004	0.0
78-79	0.0	0.0	0.0	0.004	0.0
80-81	0.0	0.0	0.0	0.004	0.0
82-83	0.0	0.0	0.0	0.004	0.0
84-85	0.0	0.0	0.0	0.004	0.0
86-87	0.0	0.0	0.0	0.004	0.0
88-89	0.0	0.0	0.0	0.004	0.0
90-91	0.0	0.0	0.0	0.004	0.0
92-93	0.0	0.0	0.0	0.004	0.0
94-95	0.0	0.0	0.0	0.004	0.0
96-97	0.0	0.0	0.0	0.006	0.0
98-99	0.0	0.0	0.0	0.008	0.0
100-101	0.0	0.0	0.0	0.008	0.0
102-103	0.0	0.0	0.0	0.014	0.0
104-105	0.0	0.0	0.0	0.016	0.0
106-107	0.0	0.0	0.0	0.016	0.0
108-109	0.0	0.0	0.0	0.016	0.0
110-111	0.0	0.0	0.0	0.016	0.0
112-113	0.0	0.0	0.0	0.016	0.0
114	0.0	0.0	0.0	0.016	0.0
>>END_MODULE
