##FastQC	0.11.9
>>Basic Statistics	pass
#Measure	Value
Filename	D12_17539_ATCTCA_read2_part.fastq
File type	Conventional base calls
Encoding	Sanger / Illumina 1.9
Total Sequences	25000
Sequences flagged as poor quality	0
Sequence length	125
%GC	39
>>END_MODULE
>>Per base sequence quality	pass
#Base	Mean	Median	Lower Quartile	Upper Quartile	10th Percentile	90th Percentile
1	31.828	33.0	32.0	34.0	28.0	34.0
2	32.11868	33.0	33.0	34.0	30.0	34.0
3	32.20776	33.0	33.0	34.0	31.0	34.0
4	32.16108	33.0	33.0	34.0	31.0	34.0
5	32.12204	33.0	33.0	34.0	31.0	34.0
6	35.87536	38.0	37.0	38.0	31.0	38.0
7	36.09576	38.0	37.0	38.0	33.0	38.0
8	36.12284	38.0	37.0	38.0	33.0	38.0
9	36.0296	38.0	37.0	38.0	31.0	38.0
10-11	36.176339999999996	38.0	37.0	38.0	33.0	38.0
12-13	35.99152	38.0	37.0	38.0	32.0	38.0
14-15	36.09384	38.0	37.0	38.0	32.0	38.0
16-17	36.11956	38.0	37.0	38.0	33.0	38.0
18-19	36.147059999999996	38.0	37.5	38.0	33.0	38.0
20-21	36.105639999999994	38.0	37.0	38.0	33.0	38.0
22-23	36.097	38.0	37.5	38.0	33.0	38.0
24-25	36.08726	38.0	37.0	38.0	33.0	38.0
26-27	36.0071	38.0	37.0	38.0	31.0	38.0
28-29	36.01408	38.0	37.0	38.0	31.0	38.0
30-31	36.035560000000004	38.0	37.0	38.0	32.0	38.0
32-33	36.07042	38.0	37.0	38.0	33.0	38.0
34-35	36.11138	38.0	37.0	38.0	33.0	38.0
36-37	36.17434	38.0	37.0	38.0	33.0	38.0
38-39	36.089780000000005	38.0	37.0	38.0	32.5	38.0
40-41	36.07804	38.0	37.0	38.0	32.5	38.0
42-43	36.0994	38.0	37.0	38.0	33.0	38.0
44-45	36.05142	38.0	37.0	38.0	32.0	38.0
46-47	36.025679999999994	38.0	37.0	38.0	32.0	38.0
48-49	36.032920000000004	38.0	37.0	38.0	31.5	38.0
50-51	36.0911	38.0	37.0	38.0	33.0	38.0
52-53	36.12014	38.0	37.0	38.0	33.0	38.0
54-55	36.12974	38.0	37.5	38.0	33.0	38.0
56-57	36.0351	38.0	37.0	38.0	32.5	38.0
58-59	36.00168	38.0	37.0	38.0	31.0	38.0
60-61	35.928979999999996	38.0	37.0	38.0	31.0	38.0
62-63	36.0065	38.0	37.0	38.0	31.0	38.0
64-65	35.9123	38.0	37.0	38.0	31.0	38.0
66-67	35.92288	38.0	37.0	38.0	31.0	38.0
68-69	35.91708	38.0	37.0	38.0	31.0	38.0
70-71	35.87558	38.0	37.0	38.0	31.0	38.0
72-73	35.8238	38.0	37.0	38.0	31.0	38.0
74-75	35.781580000000005	38.0	37.0	38.0	31.0	38.0
76-77	35.78422	38.0	37.0	38.0	31.0	38.0
78-79	35.78412	38.0	37.0	38.0	31.0	38.0
80-81	35.27418	38.0	36.5	38.0	28.0	38.0
82-83	35.29218	38.0	36.0	38.0	28.0	38.0
84-85	35.627340000000004	38.0	37.0	38.0	30.0	38.0
86-87	35.634119999999996	38.0	37.0	38.0	29.0	38.0
88-89	35.57214	38.0	37.0	38.0	29.0	38.0
90-91	35.500159999999994	38.0	37.0	38.0	29.0	38.0
92-93	35.40844	38.0	36.5	38.0	29.0	38.0
94-95	35.43546	38.0	36.5	38.0	29.0	38.0
96-97	35.42294	38.0	37.0	38.0	29.0	38.0
98-99	35.3572	38.0	36.0	38.0	28.5	38.0
100-101	35.25786	38.0	36.0	38.0	28.0	38.0
102-103	35.03034	38.0	36.0	38.0	27.0	38.0
104-105	35.0935	38.0	36.0	38.0	27.0	38.0
106-107	35.119820000000004	38.0	36.0	38.0	27.0	38.0
108-109	34.982299999999995	38.0	35.5	38.0	26.5	38.0
110-111	34.80782	38.0	35.0	38.0	26.0	38.0
112-113	34.88154	38.0	35.0	38.0	25.0	38.0
114-115	34.71734	38.0	35.0	38.0	24.0	38.0
116-117	34.34646	38.0	34.5	38.0	23.0	38.0
118-119	34.09332	38.0	33.5	38.0	21.5	38.0
120-121	34.18832	38.0	34.0	38.0	22.5	38.0
122-123	33.8451	38.0	33.5	38.0	21.0	38.0
124-125	31.21868	35.5	27.0	38.0	14.0	38.0
>>END_MODULE
>>Per tile sequence quality	pass
#Tile	Base	Mean
2210	1	0.0
2210	2	0.0
2210	3	0.0
2210	4	0.0
2210	5	0.0
2210	6	0.0
2210	7	0.0
2210	8	0.0
2210	9	0.0
2210	10-11	0.0
2210	12-13	0.0
2210	14-15	0.0
2210	16-17	0.0
2210	18-19	0.0
2210	20-21	0.0
2210	22-23	0.0
2210	24-25	0.0
2210	26-27	0.0
2210	28-29	0.0
2210	30-31	0.0
2210	32-33	0.0
2210	34-35	0.0
2210	36-37	0.0
2210	38-39	0.0
2210	40-41	0.0
2210	42-43	0.0
2210	44-45	0.0
2210	46-47	0.0
2210	48-49	0.0
2210	50-51	0.0
2210	52-53	0.0
2210	54-55	0.0
2210	56-57	0.0
2210	58-59	0.0
2210	60-61	0.0
2210	62-63	0.0
2210	64-65	0.0
2210	66-67	0.0
2210	68-69	0.0
2210	70-71	0.0
2210	72-73	0.0
2210	74-75	0.0
2210	76-77	0.0
2210	78-79	0.0
2210	80-81	0.0
2210	82-83	0.0
2210	84-85	0.0
2210	86-87	0.0
2210	88-89	0.0
2210	90-91	0.0
2210	92-93	0.0
2210	94-95	0.0
2210	96-97	0.0
2210	98-99	0.0
2210	100-101	0.0
2210	102-103	0.0
2210	104-105	0.0
2210	106-107	0.0
2210	108-109	0.0
2210	110-111	0.0
2210	112-113	0.0
2210	114-115	0.0
2210	116-117	0.0
2210	118-119	0.0
2210	120-121	0.0
2210	122-123	0.0
2210	124-125	0.0
>>END_MODULE
>>Per sequence quality scores	pass
#Quality	Count
3	4.0
4	6.0
5	3.0
6	4.0
7	5.0
8	0.0
9	1.0
10	3.0
11	1.0
12	0.0
13	3.0
14	4.0
15	2.0
16	1.0
17	8.0
18	15.0
19	25.0
20	62.0
21	77.0
22	121.0
23	134.0
24	177.0
25	239.0
26	277.0
27	339.0
28	353.0
29	444.0
30	496.0
31	582.0
32	773.0
33	930.0
34	1262.0
35	1906.0
36	3693.0
37	13050.0
>>END_MODULE
>>Per base sequence content	fail
#Base	G	A	T	C
1	38.7396777038403	25.6113204521767	13.008097490579651	22.64090435340335
2	13.769742644111279	21.931371763008098	45.4822416419466	18.81664395093402
3	14.557114228456914	31.903807615230463	34.124248496993985	19.414829659318634
4	10.38560205226872	18.602693602693606	46.39249639249639	24.619207952541284
5	9.330661322645291	40.16432865731463	40.82164328657314	9.683366733466933
6	24.419676863248206	45.29928236378944	19.81718317764503	10.463857595317323
7	20.50140393100682	34.71720818291215	30.176494183714404	14.604893702366626
8	19.116527037319116	40.28139656070871	24.155209043171524	16.446867358800656
9	23.058417866164145	16.005773625756785	25.279659997594322	35.65614851048474
10-11	20.6113449589096	27.522549609140107	34.32150731609541	17.544598115854882
12-13	20.491392613078418	26.09471131686006	33.95859636465661	19.45529970540492
14-15	19.615230460921843	28.354709418837675	28.368737474949903	23.661322645290582
16-17	18.805713026581998	32.5474249313916	30.063500330522224	18.583361711504175
18-19	18.855414446536596	31.601298024918872	31.178638676335087	18.36464885220945
20-21	19.14484361537999	30.723917529904426	31.130657797190885	19.000581057524695
22-23	19.208733974358974	30.470753205128204	31.065705128205128	19.254807692307693
24-25	19.501542653363785	30.38426092879753	30.594622751131944	19.519573666706734
26-27	19.38718328463355	30.804947364207663	30.510747308169556	19.29712204298923
28-29	19.568958616825423	30.781237492996077	30.467061554470504	19.182742335707996
30-31	19.523371218184728	30.736753641748038	30.45862013766608	19.281255002401153
32-33	18.89793713359611	30.37075571740131	31.36717421316953	19.36413293583305
34-35	19.296279246642513	30.546604487320618	30.618657806777016	19.538458459259854
36-37	19.611257906958123	30.234606453679234	30.701016894867482	19.453118744495157
38-39	19.52781112444978	30.004001600640258	30.766306522609042	19.70188075230092
40-41	19.409198254813273	30.008405715886806	30.824960973461955	19.75743505583797
42-43	19.410634208840488	29.96877001921845	30.949711723254325	19.67088404868674
44-45	18.814794059960775	29.912340391466195	31.285273986310692	19.987591562262338
46-47	19.002541677507153	29.887725899093404	31.246622771028882	19.863109652370564
48-49	19.098626516637967	29.898290153365636	31.059544307852484	19.943539022143916
50-51	18.676918148326124	29.979577126381546	31.361124459394524	19.982380265897806
52-53	18.913561460064475	29.70986925094608	31.141501311495105	20.235067977494346
54-55	18.70044052863436	30.00200240288346	31.137364837805364	20.160192230676813
56-57	18.763518385003604	29.86061043018505	31.304574220940477	20.071296963870864
58-59	18.85405188820996	29.592306921767005	30.720224381448464	20.833416808574576
60-61	18.81434007610655	29.63148407770879	31.04746645303425	20.50670939315041
62-63	18.92974445245534	29.42601938636546	31.022190178642955	20.62204598253625
64-65	19.201570418444405	29.441339663081145	30.222542715782303	21.134547202692147
66-67	19.106391504708476	29.49909837707874	30.567020637146864	20.827489481065918
68-69	19.11093311974369	29.745694833800563	30.270324389267124	20.873047657188625
70-71	19.070605908863296	29.414121181772657	30.42363545317977	21.091637456184277
72-73	19.18760771111378	29.22127369644503	30.417618532323353	21.17350006011783
74-75	18.875067604110328	29.551509324359515	30.47693447909781	21.096488592432348
76-77	19.10886725167288	29.58688944985375	30.42032295548343	20.883920342989942
78-79	19.222137618723202	29.469402476656114	30.551436700997876	20.75702320362281
80-81	19.66020876324805	28.62580890749905	30.25063610682588	21.463346222427024
82-83	19.19956733369389	28.966608577208902	30.466919055345233	21.36690503375198
84-85	19.6758424490123	28.8135593220339	30.133830187923227	21.376768041030573
86-87	19.501933364053453	28.31326508124136	30.555165988820548	21.629635565884637
88-89	19.500811281825285	28.416898699945914	30.648424510726947	21.433865507501853
90-91	19.79448350459708	28.39172325381087	30.523005428359674	21.290787813232377
92-93	20.107367493289534	28.09382636913585	30.43547934778254	21.363326789792076
94-95	20.046881573938652	27.567968264780717	30.613267084727426	21.771883076553202
96-97	20.562488732196872	27.53951242963883	30.424070030648426	21.473928807515875
98-99	20.804293839621884	27.73171513258031	30.088920932468156	21.375070095329647
100-101	20.74281709880869	27.18590449494444	30.525578135949544	21.545700270297328
102-103	20.460962374096397	27.671759546646907	30.298964736979116	21.568313342277577
104-105	20.31612645058023	27.509003601440575	30.498199279711883	21.676670668267306
106-107	19.98	28.004	30.244	21.772
108-109	20.204	28.346	30.176	21.274
110-111	19.714000000000002	28.682000000000002	30.270000000000003	21.334
112-113	19.766000000000002	28.874	29.976000000000003	21.384
114-115	19.689482003161203	29.373161801484564	29.945379244112765	20.991976951241472
116-117	19.331918981666803	29.779441197662315	29.7574253462493	21.131214474421583
118-119	19.558732256191565	30.093899533505514	29.583358359861457	20.764009850441468
120-121	19.16878540970151	30.30770154751657	29.2366519188805	21.286861123901424
122-123	19.353353353353352	29.84784784784785	29.47947947947948	21.31931931931932
124-125	18.808708365879546	30.47928057842136	29.61805764185143	21.093953413847665
>>END_MODULE
>>Per sequence GC content	pass
#GC Content	Count
0	5.0
1	5.0
2	6.0
3	6.0
4	3.0
5	2.0
6	5.0
7	6.0
8	6.5
9	7.0
10	5.0
11	5.5
12	8.0
13	7.0
14	5.5
15	6.5
16	9.0
17	13.5
18	16.0
19	16.5
20	21.0
21	24.0
22	28.0
23	33.0
24	45.0
25	60.5
26	88.5
27	167.0
28	236.5
29	301.5
30	401.0
31	538.5
32	719.5
33	886.5
34	1081.5
35	1235.5
36	1331.0
37	1396.5
38	1479.5
39	1567.0
40	1544.5
41	1477.5
42	1429.0
43	1368.0
44	1248.5
45	1117.5
46	1004.5
47	870.5
48	734.0
49	592.5
50	452.0
51	359.5
52	273.5
53	198.5
54	140.0
55	104.5
56	80.0
57	50.0
58	42.0
59	33.5
60	19.0
61	14.0
62	10.5
63	12.0
64	11.5
65	6.0
66	6.5
67	5.0
68	2.0
69	2.0
70	1.5
71	1.5
72	0.5
73	0.0
74	0.0
75	1.0
76	1.0
77	0.0
78	0.5
79	0.5
80	0.0
81	0.0
82	0.0
83	0.5
84	1.0
85	0.5
86	0.0
87	0.0
88	0.0
89	0.0
90	0.0
91	0.0
92	0.0
93	0.0
94	0.0
95	0.0
96	0.0
97	0.0
98	0.0
99	0.0
100	0.0
>>END_MODULE
>>Per base N content	pass
#Base	N-Count
1	0.216
2	0.216
3	0.2
4	0.208
5	0.2
6	0.22799999999999998
7	0.27999999999999997
8	0.212
9	0.23600000000000002
10-11	0.22
12-13	0.202
14-15	0.2
16-17	0.158
18-19	0.156
20-21	0.182
22-23	0.16
24-25	0.172
26-27	0.068
28-29	0.055999999999999994
30-31	0.048
32-33	0.042
34-35	0.074
36-37	0.08800000000000001
38-39	0.04
40-41	0.068
42-43	0.096
44-45	0.068
46-47	0.066
48-49	0.108
50-51	0.11199999999999999
52-53	0.11399999999999999
54-55	0.12
56-57	0.136
58-59	0.16999999999999998
60-61	0.13999999999999999
62-63	0.136
64-65	0.154
66-67	0.18
68-69	0.12
70-71	0.15
72-73	0.196
74-75	0.154
76-77	0.172
78-79	0.188
80-81	0.174
82-83	0.154
84-85	0.172
86-87	0.174
88-89	0.158
90-91	0.154
92-93	0.156
94-95	0.174
96-97	0.158
98-99	0.136
100-101	0.11
102-103	0.122
104-105	0.04
106-107	0.0
108-109	0.0
110-111	0.0
112-113	0.0
114-115	0.038
116-117	0.07200000000000001
118-119	0.106
120-121	0.098
122-123	0.1
124-125	0.14200000000000002
>>END_MODULE
>>Sequence Length Distribution	pass
#Length	Count
125	25000.0
>>END_MODULE
>>Sequence Duplication Levels	pass
#Total Deduplicated Percentage	98.868
#Duplication Level	Percentage of deduplicated	Percentage of total
1	98.97641299510458	97.856
2	0.9345794392523363	1.848
3	0.05664117813650524	0.168
4	0.032366387506574425	0.128
5	0.0	0.0
6	0.0	0.0
7	0.0	0.0
8	0.0	0.0
9	0.0	0.0
>10	0.0	0.0
>50	0.0	0.0
>100	0.0	0.0
>500	0.0	0.0
>1k	0.0	0.0
>5k	0.0	0.0
>10k+	0.0	0.0
>>END_MODULE
>>Overrepresented sequences	pass
>>END_MODULE
>>Adapter Content	fail
#Position	Illumina Universal Adapter	Illumina Small RNA 3' Adapter	Illumina Small RNA 5' Adapter	Nextera Transposase Sequence	SOLID Small RNA Adapter
1	0.0	0.0	0.0	0.0	0.0
2	0.0	0.0	0.0	0.0	0.0
3	0.0	0.0	0.0	0.0	0.0
4	0.0	0.0	0.0	0.0	0.0
5	0.0	0.0	0.0	0.0	0.0
6	0.0	0.0	0.0	0.0	0.0
7	0.0	0.0	0.0	0.0	0.0
8	0.0	0.0	0.0	0.0	0.0
9	0.0	0.0	0.0	0.0	0.0
10-11	0.0	0.0	0.0	0.0	0.0
12-13	0.0	0.0	0.0	0.0	0.0
14-15	0.0	0.0	0.0	0.0	0.0
16-17	0.0	0.0	0.0	0.0	0.0
18-19	0.0	0.0	0.0	0.0	0.0
20-21	0.0	0.0	0.0	0.0	0.0
22-23	0.0	0.0	0.0	0.0	0.0
24-25	0.0	0.0	0.0	0.0	0.0
26-27	0.0	0.0	0.0	0.0	0.0
28-29	0.0	0.0	0.0	0.016	0.0
30-31	0.0	0.0	0.0	0.06	0.0
32-33	0.0	0.0	0.0	0.21	0.0
34-35	0.0	0.0	0.0	0.404	0.0
36-37	0.0	0.0	0.0	0.702	0.0
38-39	0.0	0.0	0.0	1.2200000000000002	0.0
40-41	0.0	0.0	0.0	1.782	0.0
42-43	0.0	0.0	0.0	2.35	0.0
44-45	0.0	0.0	0.0	3.018	0.0
46-47	0.0	0.0	0.0	3.714	0.0
48-49	0.0	0.0	0.0	4.382	0.0
50-51	0.0	0.0	0.0	5.052	0.0
52-53	0.0	0.0	0.0	5.654	0.0
54-55	0.0	0.0	0.0	6.27	0.0
56-57	0.0	0.0	0.0	6.894	0.0
58-59	0.0	0.0	0.0	7.558	0.0
60-61	0.0	0.0	0.0	8.286000000000001	0.0
62-63	0.0	0.0	0.0	8.994	0.0
64-65	0.0	0.0	0.0	9.614	0.0
66-67	0.0	0.0	0.0	10.274000000000001	0.0
68-69	0.0	0.0	0.0	10.942	0.0
70-71	0.0	0.0	0.0	11.648	0.0
72-73	0.0	0.0	0.0	12.332	0.0
74-75	0.0	0.0	0.0	12.994	0.0
76-77	0.0	0.0	0.0	13.626	0.0
78-79	0.0	0.0	0.0	14.283999999999999	0.0
80-81	0.0	0.0	0.0	14.925999999999998	0.0
82-83	0.0	0.0	0.0	15.656	0.0
84-85	0.0	0.0	0.0	16.338	0.0
86-87	0.0	0.0	0.0	16.936	0.0
88-89	0.0	0.0	0.0	17.567999999999998	0.0
90-91	0.0	0.0	0.0	18.262	0.0
92-93	0.0	0.0	0.0	18.978	0.0
94-95	0.0	0.0	0.0	19.692	0.0
96-97	0.0	0.0	0.0	20.35	0.0
98-99	0.0	0.0	0.0	20.968	0.0
100-101	0.0	0.0	0.0	21.602	0.0
102-103	0.0	0.0	0.0	22.272	0.0
104-105	0.0	0.0	0.0	22.902	0.0
106-107	0.0	0.0	0.0	23.526	0.0
108-109	0.0	0.0	0.0	24.142000000000003	0.0
110-111	0.0	0.0	0.0	24.817999999999998	0.0
112-113	0.0	0.0	0.0	25.508000000000003	0.0
114	0.0	0.0	0.0	25.992	0.0
>>END_MODULE
