##FastQC	0.11.9
>>Basic Statistics	pass
#Measure	Value
Filename	D12_17539_ATCTCA_read1_part.fastq
File type	Conventional base calls
Encoding	Sanger / Illumina 1.9
Total Sequences	25000
Sequences flagged as poor quality	0
Sequence length	125
%GC	39
>>END_MODULE
>>Per base sequence quality	pass
#Base	Mean	Median	Lower Quartile	Upper Quartile	10th Percentile	90th Percentile
1	25.80316	27.0	18.0	32.0	18.0	33.0
2	28.65272	32.0	27.0	32.0	18.0	33.0
3	26.19132	27.0	18.0	32.0	18.0	33.0
4	30.7156	32.0	32.0	33.0	27.0	33.0
5	31.7098	33.0	32.0	33.0	30.0	33.0
6	35.51468	37.0	35.0	38.0	29.0	38.0
7	35.22936	37.0	35.0	38.0	29.0	38.0
8	36.20568	38.0	36.0	38.0	33.0	38.0
9	36.60768	38.0	37.0	38.0	34.0	38.0
10-11	36.47614	38.0	37.0	38.0	34.0	38.0
12-13	36.731899999999996	38.0	37.0	38.0	34.0	38.0
14-15	36.58994	38.0	37.0	38.0	34.0	38.0
16-17	36.78538	38.0	37.5	38.0	34.5	38.0
18-19	36.754180000000005	38.0	37.5	38.0	34.5	38.0
20-21	36.865520000000004	38.0	38.0	38.0	34.5	38.0
22-23	36.942800000000005	38.0	38.0	38.0	35.0	38.0
24-25	37.01102	38.0	38.0	38.0	35.5	38.0
26-27	36.92794	38.0	38.0	38.0	35.5	38.0
28-29	36.87154	38.0	38.0	38.0	35.0	38.0
30-31	36.858239999999995	38.0	38.0	38.0	35.0	38.0
32-33	36.921400000000006	38.0	38.0	38.0	35.0	38.0
34-35	36.872479999999996	38.0	38.0	38.0	35.0	38.0
36-37	36.81308	38.0	38.0	38.0	35.0	38.0
38-39	36.62098	38.0	38.0	38.0	34.0	38.0
40-41	36.81486	38.0	38.0	38.0	35.0	38.0
42-43	36.86144	38.0	38.0	38.0	35.0	38.0
44-45	36.88786	38.0	38.0	38.0	35.0	38.0
46-47	36.87306	38.0	38.0	38.0	35.0	38.0
48-49	36.833299999999994	38.0	38.0	38.0	35.0	38.0
50-51	36.872	38.0	38.0	38.0	35.0	38.0
52-53	36.81944	38.0	38.0	38.0	35.0	38.0
54-55	36.794340000000005	38.0	38.0	38.0	35.0	38.0
56-57	36.7873	38.0	38.0	38.0	35.0	38.0
58-59	36.77822	38.0	38.0	38.0	35.0	38.0
60-61	36.698719999999994	38.0	38.0	38.0	34.5	38.0
62-63	36.63776	38.0	38.0	38.0	34.0	38.0
64-65	36.63486	38.0	38.0	38.0	34.0	38.0
66-67	36.61052	38.0	38.0	38.0	34.0	38.0
68-69	36.54378	38.0	38.0	38.0	34.0	38.0
70-71	36.48934	38.0	38.0	38.0	34.0	38.0
72-73	36.529700000000005	38.0	38.0	38.0	34.0	38.0
74-75	36.46076	38.0	38.0	38.0	34.0	38.0
76-77	36.38834	38.0	38.0	38.0	34.0	38.0
78-79	36.396919999999994	38.0	38.0	38.0	33.5	38.0
80-81	36.290400000000005	38.0	37.0	38.0	33.0	38.0
82-83	36.20434	38.0	37.0	38.0	33.0	38.0
84-85	36.19594	38.0	37.0	38.0	33.0	38.0
86-87	36.18944	38.0	37.0	38.0	33.0	38.0
88-89	36.13482	38.0	37.0	38.0	33.0	38.0
90-91	36.180580000000006	38.0	37.0	38.0	33.0	38.0
92-93	36.1644	38.0	37.0	38.0	33.0	38.0
94-95	36.03806	38.0	37.0	38.0	33.0	38.0
96-97	36.01816	38.0	37.0	38.0	32.5	38.0
98-99	36.01172	38.0	37.0	38.0	32.5	38.0
100-101	35.84928	38.0	37.0	38.0	31.0	38.0
102-103	35.8638	38.0	37.0	38.0	31.0	38.0
104-105	35.78472	38.0	37.0	38.0	31.0	38.0
106-107	35.81624	38.0	37.0	38.0	31.0	38.0
108-109	35.58514	38.0	36.5	38.0	29.0	38.0
110-111	35.48622	38.0	36.0	38.0	29.0	38.0
112-113	35.244659999999996	38.0	36.0	38.0	27.5	38.0
114-115	35.13984	38.0	36.0	38.0	27.0	38.0
116-117	34.97936	38.0	35.5	38.0	26.5	38.0
118-119	34.870760000000004	38.0	35.0	38.0	26.0	38.0
120-121	34.57928	38.0	35.0	38.0	23.0	38.0
122-123	34.29766	38.0	34.5	38.0	23.0	38.0
124-125	32.3679	36.5	29.0	38.0	18.5	38.0
>>END_MODULE
>>Per tile sequence quality	pass
#Tile	Base	Mean
2210	1	0.0
2210	2	0.0
2210	3	0.0
2210	4	0.0
2210	5	0.0
2210	6	0.0
2210	7	0.0
2210	8	0.0
2210	9	0.0
2210	10-11	0.0
2210	12-13	0.0
2210	14-15	0.0
2210	16-17	0.0
2210	18-19	0.0
2210	20-21	0.0
2210	22-23	0.0
2210	24-25	0.0
2210	26-27	0.0
2210	28-29	0.0
2210	30-31	0.0
2210	32-33	0.0
2210	34-35	0.0
2210	36-37	0.0
2210	38-39	0.0
2210	40-41	0.0
2210	42-43	0.0
2210	44-45	0.0
2210	46-47	0.0
2210	48-49	0.0
2210	50-51	0.0
2210	52-53	0.0
2210	54-55	0.0
2210	56-57	0.0
2210	58-59	0.0
2210	60-61	0.0
2210	62-63	0.0
2210	64-65	0.0
2210	66-67	0.0
2210	68-69	0.0
2210	70-71	0.0
2210	72-73	0.0
2210	74-75	0.0
2210	76-77	0.0
2210	78-79	0.0
2210	80-81	0.0
2210	82-83	0.0
2210	84-85	0.0
2210	86-87	0.0
2210	88-89	0.0
2210	90-91	0.0
2210	92-93	0.0
2210	94-95	0.0
2210	96-97	0.0
2210	98-99	0.0
2210	100-101	0.0
2210	102-103	0.0
2210	104-105	0.0
2210	106-107	0.0
2210	108-109	0.0
2210	110-111	0.0
2210	112-113	0.0
2210	114-115	0.0
2210	116-117	0.0
2210	118-119	0.0
2210	120-121	0.0
2210	122-123	0.0
2210	124-125	0.0
>>END_MODULE
>>Per sequence quality scores	pass
#Quality	Count
19	1.0
20	1.0
21	8.0
22	17.0
23	45.0
24	67.0
25	79.0
26	145.0
27	195.0
28	225.0
29	279.0
30	365.0
31	518.0
32	673.0
33	932.0
34	1442.0
35	2277.0
36	5884.0
37	11847.0
>>END_MODULE
>>Per base sequence content	fail
#Base	G	A	T	C
1	42.4452364743102	24.984982579792558	10.964719074125986	21.605061871771255
2	13.68	22.676	44.228	19.416
3	15.308	32.872	31.747999999999998	20.072000000000003
4	10.280000000000001	18.672	46.536	24.512
5	9.644	41.392	39.876	9.088000000000001
6	24.096	45.748	19.503999999999998	10.652000000000001
7	20.704	35.116	29.34	14.84
8	19.156000000000002	41.199999999999996	23.684	15.959999999999999
9	22.6	16.024	25.131999999999998	36.244
10-11	20.328	27.683999999999997	34.12	17.868000000000002
12-13	20.36	26.128	33.906	19.606
14-15	19.54	28.348000000000003	28.477999999999998	23.634
16-17	18.862000000000002	33.14	29.552	18.446
18-19	18.836	32.032	30.818	18.314
20-21	19.29	30.325999999999997	31.262	19.122
22-23	19.796	30.266	30.512	19.426
24-25	19.082	31.196	30.592000000000002	19.13
26-27	19.088	30.618000000000002	31.131999999999998	19.162000000000003
28-29	19.538	30.964000000000002	30.178	19.32
30-31	19.556	30.697999999999997	30.322	19.424
32-33	18.936	31.05	30.55	19.464000000000002
34-35	19.532	30.306	30.781999999999996	19.38
36-37	19.534000000000002	30.418	30.537999999999997	19.509999999999998
38-39	19.036	30.524	30.744	19.695999999999998
40-41	19.45	30.212	30.614	19.724
42-43	19.381999999999998	30.182	30.816	19.62
44-45	19.29	30.11	30.930000000000003	19.67
46-47	19.176000000000002	30.264000000000003	30.930000000000003	19.63
48-49	18.924	30.324	31.038	19.714000000000002
50-51	19.026	29.816	31.446	19.712
52-53	18.401999999999997	30.04	31.4	20.158
54-55	18.688	30.346	30.630000000000003	20.336000000000002
56-57	18.35	30.144	30.831999999999997	20.674
58-59	18.642	29.992	30.764000000000003	20.602
60-61	18.970000000000002	29.646	30.678	20.706
62-63	18.554000000000002	29.32	30.856	21.27
64-65	18.842	29.246	30.490000000000002	21.422
66-67	18.772	29.7	30.348000000000003	21.18
68-69	18.506	29.818	30.214000000000002	21.462
70-71	18.654	29.744	29.86	21.742
72-73	18.528	30.068	29.704000000000004	21.7
74-75	18.478	29.659999999999997	29.894	21.968
76-77	18.546000000000003	29.654000000000003	29.952	21.848
78-79	18.88	29.248	30.072	21.8
80-81	18.872	29.396	29.942	21.790000000000003
82-83	19.094	29.226000000000003	29.630000000000003	22.05
84-85	18.798000000000002	29.561999999999998	29.587999999999997	22.052
86-87	18.98	29.256	29.665999999999997	22.098000000000003
88-89	18.562	29.154000000000003	30.152	22.131999999999998
90-91	19.236	29.067999999999998	29.498	22.198
92-93	19.176000000000002	28.726000000000003	29.733999999999998	22.364
94-95	18.89	28.302	30.436000000000003	22.372
96-97	18.89	28.638	29.82	22.652
98-99	19.058	28.23	30.330000000000002	22.381999999999998
100-101	18.752	28.27	30.128	22.85
102-103	19.102	28.278	30.214000000000002	22.406000000000002
104-105	18.684	28.712	30.064	22.54
106-107	18.656985117618817	29.140662506000957	29.790766522643626	22.4115858537366
108-109	18.854000000000003	29.49	29.536	22.12
110-111	18.782	30.086000000000002	29.387999999999998	21.744
112-113	18.608	30.196	29.204	21.992
114-115	18.41	31.025999999999996	28.98	21.584
116-117	17.882	30.972	29.134	22.012
118-119	18.088	30.965999999999998	28.956	21.990000000000002
120-121	18.184	31.162	28.764	21.89
122-123	17.832	31.89	28.571999999999996	21.706
124-125	18.140362807256142	31.480629612592253	28.568571371427424	21.810436208724173
>>END_MODULE
>>Per sequence GC content	pass
#GC Content	Count
0	1.0
1	1.0
2	2.0
3	2.5
4	2.0
5	1.5
6	2.0
7	3.5
8	3.0
9	5.0
10	6.0
11	4.5
12	5.5
13	5.0
14	5.0
15	6.0
16	4.0
17	7.5
18	17.0
19	19.0
20	21.0
21	21.0
22	19.5
23	29.5
24	48.0
25	69.5
26	102.0
27	152.5
28	224.5
29	324.5
30	436.5
31	571.5
32	736.0
33	875.5
34	987.0
35	1161.5
36	1320.0
37	1415.0
38	1512.0
39	1544.5
40	1512.0
41	1482.0
42	1454.0
43	1404.0
44	1286.0
45	1128.0
46	1018.0
47	892.0
48	725.0
49	583.0
50	471.0
51	371.0
52	284.0
53	208.0
54	135.0
55	88.0
56	69.5
57	55.5
58	36.5
59	24.5
60	23.5
61	17.5
62	13.5
63	11.5
64	8.0
65	5.5
66	3.5
67	3.5
68	3.5
69	2.5
70	1.0
71	0.5
72	0.0
73	0.5
74	0.5
75	0.5
76	0.5
77	0.0
78	0.5
79	1.5
80	1.0
81	0.0
82	0.0
83	0.0
84	0.0
85	0.0
86	0.0
87	0.0
88	0.0
89	0.0
90	0.0
91	0.0
92	0.0
93	0.0
94	0.0
95	0.0
96	0.0
97	0.0
98	0.0
99	0.0
100	0.0
>>END_MODULE
>>Per base N content	pass
#Base	N-Count
1	0.116
2	0.0
3	0.0
4	0.0
5	0.0
6	0.0
7	0.0
8	0.0
9	0.0
10-11	0.0
12-13	0.0
14-15	0.0
16-17	0.0
18-19	0.0
20-21	0.0
22-23	0.0
24-25	0.0
26-27	0.0
28-29	0.0
30-31	0.0
32-33	0.0
34-35	0.0
36-37	0.0
38-39	0.0
40-41	0.0
42-43	0.0
44-45	0.0
46-47	0.0
48-49	0.0
50-51	0.0
52-53	0.0
54-55	0.0
56-57	0.0
58-59	0.0
60-61	0.0
62-63	0.0
64-65	0.0
66-67	0.0
68-69	0.0
70-71	0.0
72-73	0.0
74-75	0.0
76-77	0.0
78-79	0.0
80-81	0.0
82-83	0.0
84-85	0.0
86-87	0.0
88-89	0.0
90-91	0.0
92-93	0.0
94-95	0.0
96-97	0.0
98-99	0.0
100-101	0.0
102-103	0.0
104-105	0.0
106-107	0.016
108-109	0.0
110-111	0.0
112-113	0.0
114-115	0.0
116-117	0.0
118-119	0.0
120-121	0.0
122-123	0.0
124-125	0.002
>>END_MODULE
>>Sequence Length Distribution	pass
#Length	Count
125	25000.0
>>END_MODULE
>>Sequence Duplication Levels	pass
#Total Deduplicated Percentage	98.736
#Duplication Level	Percentage of deduplicated	Percentage of total
1	98.8940204180846	97.64399999999999
2	0.9641873278236914	1.9040000000000001
3	0.11748501053313887	0.348
4	0.02025603629881705	0.08
5	0.0	0.0
6	0.00405120725976341	0.024
7	0.0	0.0
8	0.0	0.0
9	0.0	0.0
>10	0.0	0.0
>50	0.0	0.0
>100	0.0	0.0
>500	0.0	0.0
>1k	0.0	0.0
>5k	0.0	0.0
>10k+	0.0	0.0
>>END_MODULE
>>Overrepresented sequences	pass
>>END_MODULE
>>Adapter Content	fail
#Position	Illumina Universal Adapter	Illumina Small RNA 3' Adapter	Illumina Small RNA 5' Adapter	Nextera Transposase Sequence	SOLID Small RNA Adapter
1	0.0	0.0	0.0	0.0	0.0
2	0.0	0.0	0.0	0.0	0.0
3	0.0	0.0	0.0	0.0	0.0
4	0.0	0.0	0.0	0.0	0.0
5	0.0	0.0	0.0	0.0	0.0
6	0.0	0.0	0.0	0.0	0.0
7	0.0	0.0	0.0	0.0	0.0
8	0.0	0.0	0.0	0.0	0.0
9	0.0	0.0	0.0	0.0	0.0
10-11	0.0	0.0	0.0	0.0	0.0
12-13	0.0	0.0	0.0	0.0	0.0
14-15	0.0	0.0	0.0	0.0	0.0
16-17	0.0	0.0	0.0	0.0	0.0
18-19	0.0	0.0	0.0	0.0	0.0
20-21	0.0	0.0	0.0	0.0	0.0
22-23	0.0	0.0	0.0	0.0	0.0
24-25	0.0	0.0	0.0	0.0	0.0
26-27	0.0	0.0	0.0	0.0	0.0
28-29	0.0	0.0	0.0	0.012	0.0
30-31	0.0	0.0	0.0	0.056	0.0
32-33	0.0	0.0	0.0	0.2	0.0
34-35	0.0	0.0	0.0	0.39	0.0
36-37	0.0	0.0	0.0	0.69	0.0
38-39	0.0	0.0	0.0	1.21	0.0
40-41	0.0	0.0	0.0	1.774	0.0
42-43	0.0	0.0	0.0	2.34	0.0
44-45	0.0	0.0	0.0	3.002	0.0
46-47	0.0	0.0	0.0	3.6959999999999997	0.0
48-49	0.0	0.0	0.0	4.372	0.0
50-51	0.0	0.0	0.0	5.050000000000001	0.0
52-53	0.0	0.0	0.0	5.65	0.0
54-55	0.0	0.0	0.0	6.263999999999999	0.0
56-57	0.0	0.0	0.0	6.884	0.0
58-59	0.0	0.0	0.0	7.546	0.0
60-61	0.0	0.0	0.0	8.266	0.0
62-63	0.0	0.0	0.0	8.969999999999999	0.0
64-65	0.0	0.0	0.0	9.59	0.0
66-67	0.0	0.0	0.0	10.236	0.0
68-69	0.0	0.0	0.0	10.893999999999998	0.0
70-71	0.0	0.0	0.0	11.618	0.0
72-73	0.0	0.0	0.0	12.329999999999998	0.0
74-75	0.0	0.0	0.0	13.048	0.0
76-77	0.0	0.0	0.0	13.712	0.0
78-79	0.0	0.0	0.0	14.402000000000001	0.0
80-81	0.0	0.0	0.0	15.078	0.0
82-83	0.0	0.0	0.0	15.815999999999999	0.0
84-85	0.0	0.0	0.0	16.492	0.0
86-87	0.004	0.0	0.0	17.1	0.0
88-89	0.004	0.0	0.0	17.738	0.0
90-91	0.004	0.0	0.0	18.432	0.0
92-93	0.004	0.0	0.0	19.162	0.0
94-95	0.004	0.0	0.0	19.881999999999998	0.0
96-97	0.004	0.0	0.0	20.546	0.0
98-99	0.004	0.0	0.0	21.182	0.0
100-101	0.004	0.0	0.0	21.823999999999998	0.0
102-103	0.004	0.0	0.0	22.514	0.0
104-105	0.004	0.0	0.0	23.142000000000003	0.0
106-107	0.004	0.0	0.0	23.768	0.0
108-109	0.004	0.0	0.0	24.384	0.0
110-111	0.004	0.0	0.0	25.046	0.0
112-113	0.004	0.0	0.0	25.72	0.0
114	0.004	0.0	0.0	26.212	0.0
>>END_MODULE
